1	10
2	138
3	196
4	39
5	159
6	155
7	139
8	53
9	21
10	55
11	182
12	175
13	183
14	124
15	138
16	145
17	17
18	118
19	195
20	94
21	72
22	3
23	105
24	121
25	163
26	163
27	151
28	199
29	143
30	139
31	58
32	155
33	34
34	148
35	61
36	158
37	58
38	37
39	6
40	34
41	69
42	53
43	167
44	159
45	142
46	1
47	40
48	76
49	164
50	54
51	187
52	113
53	60
54	50
55	187
56	139
57	50
58	166
59	186
60	69
61	124
62	97
63	65
64	117
65	62
66	170
67	194
68	155
69	96
70	13
71	90
72	68
73	85
74	30
75	19
76	145
77	45
78	167
79	65
80	71
81	30
82	139
83	15
84	156
85	133
86	33
87	141
88	123
89	147
90	81
91	41
92	163
93	165
94	83
95	170
96	108
97	64
98	67
99	170
100	42
101	169
102	135
103	0
104	68
105	36
106	4
107	23
108	50
109	89
110	9
111	199
112	126
113	153
114	114
115	21
116	192
117	103
118	31
119	69
120	95
121	95
122	127
123	41
124	57
125	79
126	11
127	140
128	146
129	138
130	55
131	61
132	164
133	19
134	112
135	136
136	189
137	51
138	174
139	141
140	121
141	101
142	190
143	11
144	74
145	10
146	82
147	7
148	120
149	46
150	200
151	76
152	113
153	97
154	71
155	7
156	54
157	118
158	85
159	151
160	71
161	149
162	139
163	38
164	167
165	40
166	135
167	96
168	188
169	183
170	96
171	43
172	112
173	152
174	35
175	78
176	149
177	26
178	131
179	99
180	151
181	69
182	153
183	46
184	51
185	76
186	62
187	46
188	170
189	176
190	157
191	174
192	123
193	78
194	78
195	154
196	25
197	66
198	54
199	67
200	48
201	42
202	106
203	82
204	102
205	163
206	132
207	157
208	9
209	173
210	103
211	92
212	17
213	123
214	180
215	75
216	0
217	120
218	24
219	163
220	143
221	194
222	161
223	164
224	181
225	77
226	3
227	166
228	29
229	165
230	189
231	34
232	172
233	184
234	95
235	117
236	84
237	95
238	155
239	9
240	145
241	153
242	21
243	90
244	173
245	9
246	36
247	34
248	64
249	40
250	29
251	58
252	28
253	155
254	100
255	78
256	131
257	17
258	20
259	115
260	191
261	58
262	136
263	169
264	174
265	95
266	139
267	79
268	180
269	156
270	34
271	188
272	52
273	25
274	64
275	85
276	188
277	169
278	152
279	5
280	174
281	10
282	138
283	118
284	1
285	86
286	29
287	62
288	81
289	138
290	195
291	146
292	33
293	118
294	151
295	53
296	89
297	15
298	74
299	18
300	14
301	195
302	170
303	24
304	41
305	196
306	190
307	174
308	143
309	88
310	12
311	48
312	76
313	138
314	162
315	31
316	151
317	66
318	97
319	54
320	156
321	199
322	168
323	91
324	17
325	139
326	167
327	38
328	184
329	126
330	107
331	69
332	143
333	99
334	33
335	67
336	48
337	193
338	122
339	121
340	47
341	93
342	188
343	32
344	136
345	79
346	107
347	183
348	89
349	0
350	103
351	196
352	100
353	122
354	144
355	76
356	93
357	181
358	174
359	95
360	123
361	154
362	9
363	50
364	39
365	14
366	163
367	49
368	34
369	109
370	153
371	14
372	34
373	160
374	109
375	8
376	143
377	22
378	116
379	35
380	153
381	48
382	127
383	9
384	87
385	160
386	100
387	132
388	159
389	137
390	46
391	170
392	5
393	163
394	128
395	79
396	89
397	116
398	171
399	91
400	172
401	182
402	138
403	17
404	141
405	99
406	77
407	29
408	94
409	115
410	130
411	162
412	183
413	15
414	101
415	18
416	83
417	112
418	184
419	162
420	7
421	145
422	113
423	6
424	143
425	174
426	171
427	180
428	5
429	27
430	127
431	114
432	51
433	174
434	109
435	196
436	129
437	178
438	52
439	134
440	7
441	43
442	32
443	25
444	153
445	150
446	43
447	146
448	104
449	133
450	104
451	183
452	176
453	182
454	175
455	145
456	62
457	133
458	16
459	54
460	11
461	17
462	185
463	29
464	79
465	2
466	67
467	97
468	91
469	95
470	85
471	155
472	134
473	30
474	103
475	179
476	148
477	143
478	31
479	92
480	166
481	103
482	150
483	96
484	89
485	82
486	109
487	124
488	118
489	152
490	122
491	105
492	58
493	1
494	157
495	147
496	95
497	140
498	175
499	183
500	13
501	7
502	74
503	132
504	127
505	48
506	162
507	63
508	173
509	118
510	16
511	165
512	107
513	62
514	167
515	97
516	117
517	109
518	59
519	63
520	80
521	68
522	101
523	28
524	6
525	131
526	123
527	166
528	135
529	179
530	168
531	189
532	26
533	93
534	198
535	83
536	66
537	17
538	18
539	30
540	151
541	64
542	17
543	62
544	180
545	184
546	181
547	78
548	139
549	183
550	28
551	90
552	137
553	69
554	144
555	10
556	40
557	8
558	36
559	177
560	74
561	71
562	155
563	150
564	169
565	199
566	95
567	24
568	48
569	198
570	48
571	110
572	125
573	193
574	111
575	77
576	71
577	190
578	171
579	22
580	145
581	54
582	99
583	117
584	84
585	85
586	5
587	136
588	59
589	71
590	122
591	76
592	1
593	113
594	5
595	6
596	189
597	198
598	86
599	175
600	191
601	185
602	182
603	33
604	61
605	178
606	66
607	88
608	67
609	140
610	103
611	5
612	58
613	120
614	18
615	52
616	158
617	196
618	6
619	176
620	93
621	12
622	59
623	136
624	13
625	139
626	160
627	172
628	168
629	15
630	148
631	130
632	22
633	130
634	134
635	25
636	35
637	122
638	96
639	181
640	91
641	45
642	100
643	0
644	117
645	36
646	200
647	197
648	199
649	11
650	43
651	9
652	69
653	162
654	15
655	40
656	37
657	130
658	31
659	176
660	98
661	16
662	138
663	100
664	99
665	131
666	181
667	0
668	46
669	181
670	98
671	27
672	66
673	59
674	54
675	73
676	62
677	88
678	132
679	47
680	70
681	109
682	175
683	192
684	57
685	95
686	13
687	54
688	12
689	2
690	2
691	26
692	97
693	11
694	164
695	66
696	193
697	9
698	173
699	168
700	18
701	154
702	30
703	87
704	146
705	75
706	33
707	185
708	180
709	1
710	164
711	93
712	49
713	180
714	37
715	185
716	32
717	23
718	151
719	38
720	109
721	34
722	13
723	22
724	191
725	52
726	21
727	21
728	96
729	151
730	122
731	39
732	182
733	70
734	124
735	22
736	106
737	137
738	70
739	185
740	53
741	160
742	123
743	16
744	38
745	87
746	28
747	139
748	86
749	16
750	194
751	55
752	95
753	27
754	188
755	175
756	134
757	42
758	165
759	146
760	15
761	79
762	7
763	5
764	88
765	22
766	79
767	92
768	131
769	18
770	163
771	23
772	198
773	180
774	94
775	96
776	157
777	16
778	117
779	105
780	34
781	174
782	171
783	149
784	177
785	142
786	1
787	168
788	196
789	119
790	115
791	15
792	180
793	55
794	187
795	157
796	22
797	138
798	68
799	142
800	35
801	51
802	79
803	138
804	37
805	125
806	40
807	2
808	140
809	104
810	36
811	11
812	14
813	52
814	184
815	172
816	165
817	77
818	121
819	0
820	164
821	72
822	76
823	192
824	33
825	89
826	187
827	86
828	175
829	188
830	117
831	9
832	31
833	108
834	169
835	61
836	120
837	101
838	192
839	199
840	146
841	38
842	91
843	95
844	75
845	36
846	6
847	153
848	101
849	69
850	162
851	141
852	145
853	121
854	105
855	38
856	48
857	140
858	88
859	74
860	50
861	182
862	133
863	130
864	182
865	199
866	123
867	22
868	120
869	62
870	41
871	148
872	151
873	39
874	165
875	81
876	185
877	167
878	76
879	133
880	36
881	108
882	116
883	169
884	165
885	151
886	131
887	110
888	102
889	98
890	152
891	84
892	83
893	180
894	98
895	134
896	137
897	82
898	32
899	149
900	12
901	200
902	160
903	99
904	147
905	78
906	92
907	198
908	40
909	123
910	108
911	130
912	45
913	128
914	148
915	155
916	168
917	68
918	156
919	161
920	104
921	8
922	11
923	190
924	27
925	89
926	47
927	41
928	186
929	66
930	129
931	48
932	103
933	151
934	177
935	94
936	148
937	63
938	92
939	148
940	47
941	32
942	67
943	169
944	19
945	200
946	186
947	57
948	18
949	36
950	55
951	130
952	175
953	49
954	58
955	152
956	143
957	55
958	91
959	73
960	27
961	188
962	38
963	36
964	20
965	2
966	0
967	180
968	183
969	59
970	141
971	143
972	134
973	60
974	4
975	60
976	69
977	133
978	124
979	137
980	97
981	67
982	160
983	150
984	47
985	158
986	59
987	20
988	16
989	62
990	14
991	37
992	184
993	39
994	138
995	106
996	99
997	78
998	198
999	183
1000	101

